80 0 2
77 2 2
75 4 0.5
77 4.5 0.5
75 5 3.5
73 8.5 0.5
75 9 0.5
73 9.5 0.75
77 10.25 1.5
73 11.75 1.25
72 13 0.5
73 13.5 0.5
72 14 3.5
70 17.5 0.5
72 18 0.5
70 18.5 0.5
75 19 0.5
70 19.5 0.5
68 20 0.5
70 20.5 0.5
68 21 1
66 22 0.5
68 22.5 0.5
66 23 1.5
65 24.5 2
65 26.5 0.5
66 27 0.5
65 27.5 0.5
70 28 0.5
65 28.5 0.5
63 29 0.5
65 29.5 0.5
63 30 1
61 31 0.5
63 31.5 0.5
61 32 1.5
60 33.5 1.5
56 35.5 0.5
80 36.5 1.5
77 38 2
75 40 0.5
77 40.5 0.5
75 41 3.5
73 44.5 0.5
75 45 0.5
80 45.5 1.5
77 47 2
75 49 0.5
77 49.5 0.5
75 50 1.5
73 51.5 2
73 53.5 0.5
75 54 0.5
82 54.5 0.75
80 55.25 1.5
77 56.75 1.25
75 58 0.5
77 58.5 0.5
75 59 0.75
73 59.75 1.5
70 61.25 0.75
89 62.75 2.25
87 65 0.5
85 65.5 0.5
85 66 0.4375
85 66.5 0.5
84 67 0.5
84 67.5 0.4375
84 68 0.75
85 68.75 0.75
82 69.5 1.5
90 73 0.5
89 73.5 0.5
87 74 0.4375
89 74.5 0.5
87 75 0.5
85 75.5 0.4375
87 76 0.5
85 76.5 0.4375
84 77 0.6875
87 77.6875 0.0625
85 77.75 0.75
82 78.5 2.25
78 80.75 0.75
80 81.5 0.75
84 82.25 0.75
82 83 0.75
78 83.75 0.75
78 85 0.5
78 85.5 0.5
78 86 0.5
78 86.5 0.4375
80 87 0.5
78 87.5 1.5
78 89.75 0.75
80 90.5 0.75
85 91.25 0.75
82 92 0.75
78 92.75 0.75
78 94 0.5
78 94.5 0.5
78 95 0.5
78 95.5 0.4375
80 96 0.5
78 96.5 1.5
78 98.75 0.75
80 99.5 0.75
87 100.25 0.75
85 101 0.75
82 101.75 0.75
82 103 0.5
82 103.5 0.5
82 104 0.5
82 104.5 0.4375
84 105 0.5
82 105.5 0.4375
85 106 0.5
87 106.5 0.25
92 107 2.75
92 110 1.25
92 111.5 2.75
80 114.5 1.5
68 116 3
71 119 1
73 120 0.5
68 120.5 3
71 123.5 1
68 124.5 0.5
73 125 1
75 126 0.5
77 126.5 1.5
73 128 1
77 129 0.5
79 129.5 0.5
77 130 0.5
73 130.5 0.5
73 131 1.5
61 132.5 0.75
58 133.25 0.75
70 134 3
72 137 1
77 138 0.5
70 138.5625 3
72 141.5625 1
78 143 2.25
77 145.25 0.75
74 146 0.75
75 146.75 0.75
82 147.5 1.25
80 150.5 1.25
80 152 3
83 155 1
85 156 0.5
80 156.5 3
83 159.5 1
80 160.5 0.5
85 161 1.5
88 162.5 1.5
92 164 1.5
92 165.5 1.5
90 167 3
90 170 3
93 173 1
97 174 0.5
78 174.5 3
81 177.5 1
85 178.5 0.5
88 179 0.5
87 179.5 0.5
85 180 0.5
83 180.5 0.75
81 181.25 1.25
80 182.5 0.5
78 183 0.5
76 183.5 0.5
75 184 0.5
73 184.5 0.5
71 185 0.5
69 185.5 0.5
68 186 1
66 187 0.5
64 187.5 0.5
63 188 3
66 191 1
70 192 0.5
63 192.5 3
66 195.5 1
70 196.5 0.9375
77 197.5 0.5
75 198 0.5
70 198.5 1.5
68 200 1.5
70 201.5 0.4375
77 202 0.5
75 202.5 0.5
70 203 1.5
68 204.5 1.5
75 206 3
78 209 1
82 210 0.5
75 210.5 3
78 213.5 1
82 214.5 0.5
87 215 6
85 221 1.5
87 222.5 1.5
92 225.5 1.5
89 227 2
87 229 0.5
89 229.5 0.5
87 230 3.5
85 233.5 0.5
87 234 0.5
85 234.5 0.75
89 235.25 1.5
85 236.75 1.25
84 238 0.5
85 238.5 0.5
84 239 3
82 242.5 0.5
84 243 0.5
82 243.5 0.5
87 244 0.5
82 244.5 0.5
80 245 0.5
82 245.5 0.5
80 246 1
78 247 0.5
80 247.5 0.5
78 248 1.5
77 249.5 2
77 251.5 0.5
78 252 0.5
77 252.5 0.5
82 253 0.5
77 253.5 0.5
75 254 0.5
77 254.5 0.5
75 255 1
73 256 0.5
75 256.5 0.5
73 257 1.5
72 258.5 1.5
56 260.5 0.5
80 261.5 1.5
77 263 2
75 265 0.5
77 265.5 0.5
75 266 3.5
73 269.5 0.5
75 270 0.5
80 270.5 1.5
77 272 2
75 274 0.5
77 274.5 0.5
75 275 1.5
73 276.5 1.5
61 278.5 0.5
63 279 0.5
70 279.5 1.5
65 281 1.5
66 283 0.5
68 283.5 0.5
73 284 1.5
70 285.5 1.5
70 287.5 0.5
72 288 0.5
77 288.5 1.5
68 290 1.5
56 292.5 0.25
61 292.75 0.25
56 293.75 0.25
60 294 0.25
65 294.25 0.25
56 295.5 0.25
61 295.75 0.25
56 296.75 0.25
60 297 0.25
65 297.25 0.25
71 297.5 1.5
73 299 1.5
68 301.5 0.25
73 301.75 0.25
68 302.75 0.25
72 303 0.25
77 303.25 0.25
68 304.5 0.25
73 304.75 0.25
68 305.75 0.25
72 306 0.25
77 306.25 0.25
83 306.5 1.5
85 308 1.5
83 309.5 1.5
85 311 1.5
88 312.5 1.5
92 314 4.5
92 318.5 3